27 0 7 0 3.4 1 17 0.4 47.6 0 1 1 1 2 1 1 3 1 68 4 1 1 5 1 0 6 1 0.731707
27 0 7 0 0.653659 1 3.26829 0.4 9.15122 0 1 1 1 2 1 563 3 1 100 4 1
0.130732 5 1 0 6 1 1 24 0 1 1 1 1 -12 2 1 3.40945 3 1 10 4 1 10 5 1
0 6 1 512 7 1 0 9 0 1 1 1 1 0 2 1 0 33 0 1 1 1 1 0 2 1 0 3 1 2.38583
4 1 0 5 1 0 6 1 0 7 1 0.5 8 1 0.5 9 1 0.5 10 1 0.0629921 12 0 1 1 1
1 1 2 1 1 3 1 200 15 0 1 1 1 1 0 2 1 4481.96 3 1 1 4 1 0 27 0 7 0 5
1 25 0.4 70 0 1 1 1 2 1 1 3 1 100 4 1 1 5 1 0 6 1 1 18 0 1 4309.36
1 1 0 2 1 1 3 1 0.173913 4 1 0 5 1 5 18 0 1 220 1 1 0 2 1 1 3 1 0.5
4 1 0 5 1 0 18 0 1 228 1 1 0 2 1 1 3 1 0 4 1 0 5 1 1 27 0 7 0 5 1 25
0.4 70 0 1 1 1 2 1 1 3 1 100 4 1 1 5 1 0 6 1 0.536585 27 0 7 0 5 1
25 0.4 70 0 1 1 1 2 1 1 3 1 100 4 1 1 5 1 0 6 1 1 27 0 7 0 5 1 25 0.4
70 0 1 1 1 2 1 1 3 1 100 4 1 1 5 1 0 6 1 1 27 0 7 0 5 1 25 0.4 70 0
1 1 1 2 1 1 3 1 100 4 1 1 5 1 0 6 1 0;
27 0 7 0 3.4 1 17 0.4 47.6 0 1 1 1 2 1 1 3 1 68 4 1 1 5 1 0 6 1 0.731707
27 0 7 0 0.653659 1 3.26829 0.4 9.15122 0 1 1 1 2 1 563 3 1 100 4 1
0.130732 5 1 0 6 1 1 24 0 1 1 1 1 -12 2 1 3.40945 3 1 10 4 1 10 5 1
0 6 1 512 7 1 0 9 0 1 1 1 1 0 2 1 0 33 0 1 1 1 1 0 2 1 0 3 1 2.38583
4 1 0 5 1 0 6 1 0 7 1 0.5 8 1 0.5 9 1 0.5 10 1 0.0629921 12 0 1 1 1
1 1 2 1 1 3 1 200 15 0 1 1 1 1 4 2 1 1039.74 3 1 1 4 1 4 27 0 7 0 5
1 25 0.4 70 0 1 1 1 2 1 1 3 1 100 4 1 1 5 1 0 6 1 1 18 0 1 9284.39
1 1 0 2 1 1 3 1 0 4 1 0 5 1 5 18 0 1 293.577 1 1 0 2 1 1 3 1 0.26087
4 1 0 5 1 4 18 0 1 228 1 1 0 2 1 1 3 1 0.884058 4 1 0 5 1 2 27 0 7
0 5 1 25 0.4 70 0 1 1 1 2 1 1 3 1 100 4 1 1 5 1 0 6 1 0.463415 27 0
7 0 5 1 25 0.4 70 0 1 1 1 2 1 1 3 1 100 4 1 1 5 1 0 6 1 1 27 0 7 0
5 1 25 0.4 70 0 1 1 1 2 1 1 3 1 100 4 1 1 5 1 0 6 1 1 27 0 7 0 1.98171
1 9.90854 0.4 27.7439 0 1 1 1 2 1 1 3 1 100 4 1 0.396341 5 1 0 6 1
0.707317;
27 0 7 0 3.4 1 17 0.4 47.6 0 1 1 1 2 1 1 3 1 68 4 1 1 5 1 0 6 1 0.731707
27 0 7 0 0.653659 1 3.26829 0.4 9.15122 0 1 1 1 2 1 563 3 1 100 4 1
0.130732 5 1 0 6 1 1 24 0 1 1 1 1 -12 2 1 6.17323 3 1 10 4 1 50.3937
5 1 1.03937 6 1 512 7 1 0 9 0 1 1 1 1 0 2 1 0 33 0 1 1 1 1 0 2 1 0
3 1 3.74016 4 1 0 5 1 0 6 1 0 7 1 0.905512 8 1 0.212598 9 1 0.787402
10 1 0.385827 12 0 1 1 1 1 1 2 1 1 3 1 200 15 0 1 1 1 1 0 2 1 80.4518
3 1 1 4 1 0 29 0 9 1 114.76 0.92 80.03 0.8 61.9099 0.48 45.3002 0 1
1 1.85 2 1 4428 3 1 302 4 1 1 5 1 0 6 1 0.560976 18 0 1 4309.36 1 1
0 2 1 1 3 1 0.173913 4 1 0 5 1 5 18 0 1 220 1 1 0 2 1 1 3 1 0.5 4 1
0 5 1 0 18 0 1 228 1 1 0 2 1 1 3 1 0 4 1 0 5 1 1 27 0 7 0 5 1 25 0.4
70 0 1 1 1 2 1 1 3 1 100 4 1 1 5 1 0 6 1 0.536585 27 0 7 0 5 1 25 0.4
70 0 1 1 1 2 1 1 3 1 100 4 1 1 5 1 0 6 1 1 27 0 7 0 5 1 25 0.4 70 0
1 1 1 2 1 1 3 1 100 4 1 1 5 1 0 6 1 1 27 0 7 0 5 1 25 0.4 70 0 1 1
1 2 1 1 3 1 100 4 1 1 5 1 0 6 1 0;
27 0 7 0 3.4 1 17 0.4 47.6 0 1 1 1 2 1 1 3 1 68 4 1 1 5 1 0 6 1 0.731707
27 0 7 0 0.653659 1 3.26829 0.4 9.15122 0 1 1 1 2 1 563 3 1 100 4 1
0.130732 5 1 0 6 1 1 24 0 1 1 1 1 -12 2 1 3.40945 3 1 10 4 1 10 5 1
0 6 1 512 7 1 0 9 0 1 1 1 1 0 2 1 0 33 0 1 1 1 1 0 2 1 0 3 1 2.38583
4 1 0 5 1 0 6 1 0 7 1 0.5 8 1 0.5 9 1 0.5 10 1 0.874016 12 0 1 1 1
1 1 2 1 1 3 1 200 15 0 1 1 1 1 0 2 1 4481.96 3 1 1 4 1 0 27 0 7 0 5
1 25 0.4 70 0 1 1 1 2 1 1 3 1 100 4 1 1 5 1 0 6 1 1 18 0 1 4309.36
1 1 0 2 1 1 3 1 0.173913 4 1 0 5 1 5 18 0 1 220 1 1 0 2 1 1 3 1 0.5
4 1 0 5 1 0 18 0 1 228 1 1 0 2 1 1 3 1 0 4 1 0 5 1 1 27 0 7 0 5 1 25
0.4 70 0 1 1 1 2 1 1 3 1 100 4 1 1 5 1 0 6 1 0.536585 27 0 7 0 5 1
25 0.4 70 0 1 1 1 2 1 1 3 1 100 4 1 1 5 1 0 6 1 1 27 0 7 0 5 1 25 0.4
70 0 1 1 1 2 1 1 3 1 100 4 1 1 5 1 0 6 1 1 27 0 7 0 5 1 25 0.4 70 0
1 1 1 2 1 1 3 1 100 4 1 1 5 1 0 6 1 0;
29 0 9 0 3.4 1 5.43999 0.12 13.26 0.06 45.9 0 1 1 1 2 1 1 3 1 68 4
1 1 5 1 0 6 1 0.731707 27 0 7 0 0.412195 1 1.36025 0.1 6.47146 0 1
1 1 2 1 1274 3 1 100 4 1 0.082439 5 1 0 6 1 1 24 0 1 1 1 1 -12 2 1
6.17323 3 1 10 4 1 50.3937 5 1 1.03937 6 1 512 7 1 0 9 0 1 1 1 1 0
2 1 0 33 0 1 1 1 1 0 2 1 0 3 1 3.74016 4 1 0 5 1 0 6 1 0 7 1 0.905512
8 1 0.212598 9 1 0.787402 10 1 0.535433 12 0 1 1 1 1 1 2 1 1 3 1 200
15 0 1 1 1 1 0 2 1 1823.81 3 1 1 4 1 0 29 0 9 1 114.76 0.92 80.03 0.8
61.9099 0.48 45.3002 0 1 1 1 2 1 4428 3 1 302 4 1 1 5 1 0 6 1 0 18
0 1 4309.36 1 1 0 2 1 1 3 1 0.173913 4 1 0 5 1 5 18 0 1 220 1 1 0 2
1 1 3 1 0.5 4 1 0 5 1 0 18 0 1 228 1 1 0 2 1 1 3 1 0 4 1 0 5 1 1 27
0 7 0 29 0.43 44.5 0.41 26.5 0 1 1 1 2 1 1 3 1 100 4 1 1 5 1 0 6 1
0.390244 27 0 7 0 5 1 25 0.4 70 0 1 1 1 2 1 1 3 1 100 4 1 1 5 1 0 6
1 1 27 0 7 0 5 1 25 0.4 70 0 1 1 1 2 1 1 3 1 100 4 1 1 5 1 0 6 1 1
27 0 7 0 5 1 25 0.4 70 0 1 1 1 2 1 1 3 1 100 4 1 1 5 1 0 6 1 0;
29 0 9 0 3.4 1 5.43999 0.12 13.26 0.06 45.9 0 1 1 1 2 1 1 3 1 68 4
1 1 5 1 0 6 1 0.731707 27 0 7 0 0.412195 1 1.36025 0.1 6.47146 0 1
1 1 2 1 1274 3 1 100 4 1 0.082439 5 1 0 6 1 1 24 0 1 1 1 1 -12 2 1
6.17323 3 1 10 4 1 50.3937 5 1 1.03937 6 1 512 7 1 0 9 0 1 1 1 1 0
2 1 0 33 0 1 1 1 1 0 2 1 0 3 1 3.74016 4 1 0 5 1 0 6 1 0 7 1 0.905512
8 1 0.212598 9 1 0.787402 10 1 0 12 0 1 1 1 1 1 2 1 1 3 1 200 15 0
1 1 1 1 0 2 1 1823.81 3 1 1 4 1 0 29 0 9 1 114.76 0.92 80.03 0.8 61.9099
0.48 45.3002 0 1 1 1 2 1 4428 3 1 302 4 1 1 5 1 0 6 1 0.317073 18 0
1 4309.36 1 1 0 2 1 1 3 1 0.173913 4 1 0 5 1 5 18 0 1 220 1 1 0 2 1
1 3 1 0.5 4 1 0 5 1 0 18 0 1 228 1 1 0 2 1 1 3 1 0 4 1 0 5 1 1 27 0
7 0 29 0.43 44.5 0.41 26.5 0 1 1 1 2 1 1 3 1 100 4 1 1 5 1 0 6 1 0.390244
27 0 7 0 5 1 25 0.4 70 0 1 1 1 2 1 1 3 1 100 4 1 1 5 1 0 6 1 1 27 0
7 0 5 1 25 0.4 70 0 1 1 1 2 1 1 3 1 100 4 1 1 5 1 0 6 1 1 27 0 7 0
5 1 25 0.4 70 0 1 1 1 2 1 1 3 1 100 4 1 1 5 1 0 6 1 0;
;
;
;
;
;
;
;
;
;
;
;
;
;
;
;
;
;
;
;
;
;
;
;
;
;
;
;
;
;
;
;
;
;
;
;
;
;
;
;
;
;
;
;
;
;
;
;
;
;
;
;
;
;
;
;
;
;
;
