27 0 7 0 2.5 1 12.5 0.4 35 0 1 1 1 2 1 1 3 1 50 4 1 1 5 1 0 6 1 1 27
0 7 0 2.5 1 12.5 0.4 35 0 1 1 1 2 1 1 3 1 50 4 1 1 5 1 0 6 1 1 24 0
1 1 1 1 -12 2 1 1 3 1 10 4 1 10 5 1 0 6 1 512 7 1 0 9 0 1 1 1 1 0 2
1 0 33 0 1 1 1 1 0 2 1 0 3 1 1 4 1 0 5 1 0 6 1 55.1181 7 1 0.456693
8 1 0.755906 9 1 0.637795 10 1 0.464567 12 0 1 1 1 1 0 2 1 1 3 1 300
15 0 1 0 1 1 0 2 1 20000 3 1 1 4 1 0 27 0 7 0 2.5 1 12.5 0.4 35 0 1
1 1 2 1 1 3 1 50 4 1 1 5 1 0 6 1 1 18 0 1 220 1 1 0 2 1 1 3 1 0.5 4
1 0 5 1 0 18 0 1 220 1 1 0 2 1 1 3 1 0.5 4 1 0 5 1 0 18 0 1 632.502
1 1 0 2 1 1 3 1 0.5 4 1 0 5 1 0 27 0 7 0 2.5 1 12.5 0.4 35 0 1 1 1
2 1 1 3 1 50 4 1 1 5 1 0 6 1 0 27 0 7 0 2.5 1 12.5 0.4 35 0 1 1 1 2
1 1 3 1 50 4 1 1 5 1 0 6 1 1 27 0 7 0 2.5 1 12.5 0.4 35 0 1 1 1 2 1
1 3 1 50 4 1 1 5 1 0 6 1 1 27 0 7 0 2.5 1 12.5 0.4 35 0 1 1 1 2 1 1
3 1 50 4 1 1 5 1 0 6 1 1;
27 0 7 0 8.95 1 44.75 0.4 125.3 0 1 1 1 2 1 1 3 1 179 4 1 1 5 1 0 6
1 1 27 0 7 0 8.95 1 44.75 0.4 125.3 0 1 1 1 2 1 1 3 1 179 4 1 1 5 1
0 6 1 1 24 0 1 1 1 1 -15.748 2 1 3.83465 3 1 10 4 1 58.2677 5 1 4.06299
6 1 512 7 1 0 9 0 1 1 1 1 0 2 1 0 33 0 1 1 1 1 0.80315 2 1 0 3 1 3.33071
4 1 0 5 1 0 6 1 157.48 7 1 0.377953 8 1 0.661417 9 1 0.692913 10 1
0 12 0 1 1 1 1 0 2 1 1 3 1 300 15 0 1 0 1 1 0 2 1 20000 3 1 1 4 1 0
27 0 7 0 8.95 1 44.75 0.4 125.3 0 1 1 1 2 1 1 3 1 179 4 1 1 5 1 0 6
1 1 18 0 1 220 1 1 0 2 1 1 3 1 0.5 4 1 0 5 1 0 18 0 1 220 1 1 0 2 1
1 3 1 0.5 4 1 0 5 1 0 18 0 1 696.193 1 1 0 2 1 1 3 1 0.0434783 4 1
0 5 1 2 27 0 7 0 8.95 1 44.75 0.4 125.3 0 1 1 1 2 1 1 3 1 179 4 1 1
5 1 0 6 1 0 27 0 7 0 8.95 1 44.75 0.4 125.3 0 1 1 1 2 1 1 3 1 179 4
1 1 5 1 0 6 1 1 27 0 7 0 8.95 1 44.75 0.4 125.3 0 1 1 1 2 1 1 3 1 179
4 1 1 5 1 0 6 1 1 27 0 7 0 8.95 1 44.75 0.4 125.3 0 1 1 1 2 1 1 3 1
179 4 1 1 5 1 0 6 1 1;
29 0 9 1 59.58 0.16 72.82 0.42 95.9901 0.22 433.61 0 1 1 1 2 1 1 3
1 662 4 1 1 5 1 0 6 1 1 27 0 7 0 33.1 1 165.5 0.4 463.4 0 1 1 1 2 1
1 3 1 662 4 1 1 5 1 0 6 1 1 24 0 1 1 1 1 -35.4331 2 1 2.91339 3 1 10
4 1 58.2677 5 1 10.1102 6 1 512 7 1 0 9 0 1 1 1 1 0 2 1 0 33 0 1 1
1 1 0.80315 2 1 0 3 1 3.33071 4 1 0 5 1 0 6 1 157.48 7 1 0.377953 8
1 0.661417 9 1 0.692913 10 1 0 12 0 1 1 1 1 0 2 1 1 3 1 300 15 0 1
1 1 1 2 2 1 1163.42 3 1 1.71544 4 1 0 27 0 7 0 33.1 1 165.5 0.4 463.4
0 1 1 1 2 1 1 3 1 662 4 1 1 5 1 0 6 1 1 18 0 1 220 1 1 0 2 1 1 3 1
0.5 4 1 0 5 1 0 18 0 1 220 1 1 0 2 1 1 3 1 0.5 4 1 0 5 1 0 18 0 1 696.193
1 1 0 2 1 1 3 1 0.0434783 4 1 0 5 1 2 31 0 11 0 33.1 1 109.23 0.37
33.1 0 99.3 0.87 387.27 0 1 1 1 2 1 1 3 1 662 4 1 1 5 1 0 6 1 1 27
0 7 0 33.1 1 165.5 0.4 463.4 0 1 1 1 2 1 1 3 1 662 4 1 1 5 1 0 6 1
1 27 0 7 0 33.1 1 165.5 0.4 463.4 0 1 1 1 2 1 1 3 1 662 4 1 1 5 1 0
6 1 1 27 0 7 0 33.1 1 165.5 0.4 463.4 0 1 1 1 2 1 1 3 1 662 4 1 1 5
1 0 6 1 1;
27 0 7 0 8.95 1 44.75 0.4 125.3 0 1 1 1 2 1 1 3 1 179 4 1 1 5 1 0 6
1 1 27 0 7 0 8.95 1 44.75 0.4 125.3 0 1 1 1 2 1 1 3 1 179 4 1 1 5 1
0 6 1 1 24 0 1 1 1 1 -15.748 2 1 3.83465 3 1 10 4 1 58.2677 5 1 4.06299
6 1 512 7 1 0 9 0 1 1 1 1 0 2 1 0 33 0 1 1 1 1 0.80315 2 1 0 3 1 3.33071
4 1 0 5 1 0 6 1 157.48 7 1 0.377953 8 1 0.661417 9 1 0.692913 10 1
0 12 0 1 1 1 1 0 2 1 1 3 1 300 15 0 1 1 1 1 0 2 1 43.1716 3 1 1 4 1
0 29 0 9 0 8.95 1 44.75 0.4 96.66 0.83 28.64 0 1 1 1 2 1 12000 3 1
179 4 1 1 5 1 0 6 1 0.634146 18 0 1 220 1 1 0 2 1 1 3 1 0.5 4 1 0 5
1 0 18 0 1 220 1 1 0 2 1 1 3 1 0.5 4 1 0 5 1 0 18 0 1 696.193 1 1 0
2 1 1 3 1 0.0434783 4 1 0 5 1 2 27 0 7 0 8.95 1 44.75 0.4 125.3 0 1
1 1 2 1 1 3 1 179 4 1 1 5 1 0 6 1 0 27 0 7 0 8.95 1 44.75 0.4 125.3
0 1 1 1 2 1 1 3 1 179 4 1 1 5 1 0 6 1 1 27 0 7 0 8.95 1 44.75 0.4 125.3
0 1 1 1 2 1 1 3 1 179 4 1 1 5 1 0 6 1 1 27 0 7 0 8.95 1 44.75 0.4 125.3
0 1 1 1 2 1 1 3 1 179 4 1 1 5 1 0 6 1 1;
29 0 9 0 8.95 1 15.215 0.24 84.13 0.38 70.705 0 1 1 1 2 1 1 3 1 179
4 1 1 5 1 0 6 1 1 27 0 7 0 1.60227 1 8.01134 0.4 22.4318 0 1 1 1 2
1 929 3 1 179 4 1 0.179024 5 1 0 6 1 1 24 0 1 1 1 1 -15.748 2 1 4.82677
3 1 10 4 1 58.2677 5 1 6.99213 6 1 512 7 1 0 9 0 1 1 1 1 0 2 1 0 33
0 1 1 1 1 0 2 1 0 3 1 3.20472 4 1 0 5 1 0 6 1 157.48 7 1 0.377953 8
1 0.661417 9 1 0.692913 10 1 0.165354 12 0 1 1 1 1 0 2 1 1 3 1 300
15 0 1 1 1 1 0 2 1 37.5944 3 1 1 4 1 0 35 0 15 0 5.70836 1 21.6918
0.09 1.7125 1 15.4125 0.06 11.9876 0.97 9.13336 0.08 48.521 0 1 1 1
2 1 12000 3 1 179 4 1 0.637805 5 1 0 6 1 1 18 0 1 220 1 1 0 2 1 1 3
1 0.5 4 1 0 5 1 0 18 0 1 220 1 1 0 2 1 1 3 1 0.130435 4 1 0 5 1 0 18
0 1 69.6159 1 1 0 2 1 1 3 1 0.188406 4 1 0 5 1 2 27 0 7 0 8.95 1 44.75
0.4 125.3 0 1 1 1 2 1 1 3 1 179 4 1 1 5 1 0 6 1 0 27 0 7 0 8.95 1 44.75
0.4 125.3 0 1 1 1 2 1 1 3 1 179 4 1 1 5 1 0 6 1 1 27 0 7 0 8.95 1 44.75
0.4 125.3 0 1 1 1 2 1 1 3 1 179 4 1 1 5 1 0 6 1 1 29 0 9 0 2.03449
1 4.47587 0.07 15.0552 0.15 19.1242 0 1 1 1 2 1 1 3 1 179 4 1 0.227317
5 1 0 6 1 1;
;
;
;
;
;
;
;
;
;
;
;
;
;
;
;
;
;
;
;
;
;
;
;
;
;
;
;
;
;
;
;
;
;
;
;
;
;
;
;
;
;
;
;
;
;
;
;
;
;
;
;
;
;
;
;
;
;
;
;
