27 0 7 0 4 1 20 0.4 56 0 1 1 1 2 1 4 3 1 80 4 1 1 5 1 0 6 1 1 27 0
7 0 4 1 20 0.4 56 0 1 1 1 2 1 1 3 1 80 4 1 1 5 1 0 6 1 1 24 0 1 1 1
1 -22.0472 2 1 1.77953 3 1 10 4 1 53.5433 5 1 1.79528 6 1 512 7 1 0
9 0 1 1 1 1 0 2 1 0 33 0 1 1 1 1 0 2 1 0 3 1 1.8189 4 1 0 5 1 0 6 1
0 7 1 0.5 8 1 0.5 9 1 0.5 10 1 0 12 0 1 1 1 1 1 2 1 1 3 1 200 15 0
1 1 1 1 2 2 1 7087.07 3 1 1 4 1 0 27 0 7 0 4 1 22 0.03 54 0 1 1 1 2
1 3119 3 1 80 4 1 1 5 1 1 6 1 1 18 0 1 220 1 1 0 2 1 1 3 1 0.5 4 1
0 5 1 0 18 0 1 1817.21 1 1 0 2 1 1 3 1 0.5 4 1 0 5 1 0 18 0 1 4309.36
1 1 0 2 1 1 3 1 0.144928 4 1 0 5 1 5 27 0 7 0 4 1 20 0.4 56 0 1 1 1
2 1 1 3 1 80 4 1 1 5 1 0 6 1 0 27 0 7 0 4 1 20 0.4 56 0 1 1 1 2 1 1
3 1 80 4 1 1 5 1 0 6 1 1 27 0 7 0 4 1 20 0.4 56 0 1 1 1 2 1 1 3 1 80
4 1 1 5 1 0 6 1 1 27 0 7 0 4 1 20 0.4 56 0 1 1 1 2 1 1 3 1 80 4 1 1
5 1 0 6 1 0;
27 0 7 0 4 1 20 0.4 56 0 1 1 1 2 1 4 3 1 80 4 1 1 5 1 0 6 1 1 27 0
7 0 4 1 20 0.4 56 0 1 1 1 2 1 1 3 1 80 4 1 1 5 1 0 6 1 1 24 0 1 1 1
1 -22.0472 2 1 1.77953 3 1 10 4 1 53.5433 5 1 1.79528 6 1 512 7 1 0
9 0 1 1 1 1 0 2 1 0 33 0 1 1 1 1 0 2 1 0 3 1 1.8189 4 1 0 5 1 0 6 1
0 7 1 0.5 8 1 0.5 9 1 0.5 10 1 0 12 0 1 1 1 1 1 2 1 1 3 1 200 15 0
1 1 1 1 4 2 1 441.784 3 1 1 4 1 0 27 0 7 0 4 1 20 0 56 0 1 1 1 2 1
4179 3 1 80 4 1 1 5 1 0 6 1 1 18 0 1 220 1 1 0 2 1 1 3 1 0.5 4 1 0
5 1 0 18 0 1 1817.21 1 1 0 2 1 1 3 1 0.5 4 1 0 5 1 0 18 0 1 4309.36
1 1 0 2 1 1 3 1 0.144928 4 1 0 5 1 5 27 0 7 0 4 1 20 0.4 56 0 1 1 1
2 1 1 3 1 80 4 1 1 5 1 0 6 1 0 27 0 7 0 4 1 20 0.4 56 0 1 1 1 2 1 1
3 1 80 4 1 1 5 1 0 6 1 1 27 0 7 0 4 1 20 0.4 56 0 1 1 1 2 1 1 3 1 80
4 1 1 5 1 0 6 1 1 27 0 7 0 4 1 20 0.4 56 0 1 1 1 2 1 1 3 1 80 4 1 1
5 1 0 6 1 0;
27 0 7 0 4 1 20 0.4 56 0 1 1 1 2 1 4 3 1 80 4 1 1 5 1 0 6 1 1 27 0
7 0 4 1 20 0.4 56 0 1 1 1 2 1 1 3 1 80 4 1 1 5 1 0 6 1 1 24 0 1 1 1
1 -22.0472 2 1 1.77953 3 1 10 4 1 53.5433 5 1 1.79528 6 1 512 7 1 0
9 0 1 1 1 1 0 2 1 0 33 0 1 1 1 1 0 2 1 0 3 1 1.8189 4 1 0 5 1 0 6 1
0 7 1 0.5 8 1 0.5 9 1 0.5 10 1 0 12 0 1 1 1 1 1 2 1 1 3 1 200 15 0
1 1 1 1 4 2 1 441.784 3 1 1 4 1 0 27 0 7 0 4 1 20 0 56 0 1 1 1 2 1
4179 3 1 80 4 1 1 5 1 0 6 1 1 18 0 1 430.915 1 1 0 2 1 1 3 1 0.5 4
1 0 5 1 0 18 0 1 1021.88 1 1 0 2 1 1 3 1 0.5 4 1 0 5 1 0 18 0 1 5220.93
1 1 0 2 1 1 3 1 0.144928 4 1 0 5 1 5 27 0 7 0 4 1 20 0.4 56 0 1 1 1
2 1 1 3 1 80 4 1 1 5 1 0 6 1 0 27 0 7 0 4 1 20 0.4 56 0 1 1 1 2 1 1
3 1 80 4 1 1 5 1 0 6 1 1 27 0 7 0 4 1 20 0.4 56 0 1 1 1 2 1 1 3 1 80
4 1 1 5 1 0 6 1 1 27 0 7 0 4 1 20 0.4 56 0 1 1 1 2 1 1 3 1 80 4 1 1
5 1 0 6 1 1;
27 0 7 0 1.65 1 8.25001 0.4 23.1 0 1 1 1 2 1 4 3 1 33 4 1 1 5 1 0 6
1 1 27 0 7 0 1.65 1 8.25001 0.4 23.1 0 1 1 1 2 1 1 3 1 33 4 1 1 5 1
0 6 1 1 24 0 1 1 1 1 -22.0472 2 1 1.77953 3 1 10 4 1 53.5433 5 1 1.79528
6 1 512 7 1 0 9 0 1 1 1 1 80.315 2 1 0.606299 33 0 1 1 1 1 0 2 1 0
3 1 1.8189 4 1 80.315 5 1 0.606299 6 1 0 7 1 0.5 8 1 0.5 9 1 0.5 10
1 0 12 0 1 1 1 1 1 2 1 1 3 1 200 15 0 1 1 1 1 2 2 1 136.324 3 1 1 4
1 0 27 0 7 0 1.65 1 9.075 0.03 22.275 0 1 1 1 2 1 3119 3 1 33 4 1 1
5 1 1 6 1 1 18 0 1 220 1 1 0 2 1 1 3 1 0.5 4 1 0 5 1 0 18 0 1 574.638
1 1 0 2 1 1 3 1 0.5 4 1 0 5 1 0 18 0 1 1021.88 1 1 0 2 1 1 3 1 0.144928
4 1 0 5 1 5 27 0 7 0 1.65 1 8.25001 0.4 23.1 0 1 1 1 2 1 1 3 1 33 4
1 1 5 1 0 6 1 0 27 0 7 0 1.65 1 8.25001 0.4 23.1 0 1 1 1 2 1 1 3 1
33 4 1 1 5 1 0 6 1 1 27 0 7 0 1.65 1 8.25001 0.4 23.1 0 1 1 1 2 1 1
3 1 33 4 1 1 5 1 0 6 1 1 27 0 7 0 1.65 1 8.25001 0.4 23.1 0 1 1 1 2
1 1 3 1 33 4 1 1 5 1 0 6 1 0;
27 0 7 0 0.75 1 3.75001 0.4 10.5 0 1 1 1 2 1 4 3 1 15 4 1 1 5 1 0 6
1 1 27 0 7 0 0.75 1 3.75001 0.4 10.5 0 1 1 1 2 1 1 3 1 15 4 1 1 5 1
0 6 1 1 24 0 1 1 1 1 -17.3228 2 1 4.04724 3 1 4.72441 4 1 15.748 5
1 3.02362 6 1 512 7 1 0 9 0 1 1 1 1 74.8031 2 1 0.456693 33 0 1 1 1
1 0 2 1 0.606299 3 1 3.45669 4 1 74.8031 5 1 0.456693 6 1 0 7 1 0.5
8 1 0.5 9 1 0.5 10 1 0 12 0 1 1 1 1 1 2 1 1 3 1 200 15 0 1 1 1 1 2
2 1 227.038 3 1 1 4 1 0 27 0 7 0 0.75 1 4.125 0.03 10.125 0 1 1 1 2
1 3119 3 1 15 4 1 1 5 1 0 6 1 1 18 0 1 220 1 1 0 2 1 1 3 1 0.5 4 1
0 5 1 0 18 0 1 574.638 1 1 0 2 1 1 3 1 0.5 4 1 0 5 1 0 18 0 1 1021.88
1 1 0 2 1 1 3 1 0.144928 4 1 0 5 1 5 27 0 7 0 0.75 1 3.75001 0.4 10.5
0 1 1 1 2 1 1 3 1 15 4 1 1 5 1 0 6 1 0 27 0 7 0 0.75 1 3.75001 0.4
10.5 0 1 1 1 2 1 1 3 1 15 4 1 1 5 1 0 6 1 1 27 0 7 0 0.75 1 3.75001
0.4 10.5 0 1 1 1 2 1 1 3 1 15 4 1 1 5 1 0 6 1 1 27 0 7 0 0.75 1 3.75001
0.4 10.5 0 1 1 1 2 1 1 3 1 15 4 1 1 5 1 0 6 1 0;
;
;
;
;
;
;
;
;
;
;
;
;
;
;
;
;
;
;
;
;
;
;
;
;
;
;
;
;
;
;
;
;
;
;
;
;
;
;
;
;
;
;
;
;
;
;
;
;
;
;
;
;
;
;
;
;
;
;
;
